20 89 4159066 4158035 4163637 4151912 4159982 4166023 4165503 4158751 4166987 4167277 4155008 4160641 4167867 4152232 4153072 4164902 4158866 4151412 4151799 4164730 4165372 4168450 4151593 4154766 4165054 4161582 4157238 4162656 4154229 4162546 4167124 4165817 4166883 4155178 4160093 4158118 4161853 4164168 4165120 4152575 4158743 4150643 4159105 4157999 4162947 4161878 4168225 4154585 4157689 4168125 4161203 4156212 4152586 4150797 4160032 4151442 4155263 4164432 4161836 4167902 4165866 4157921 4166898 4157220 4164615 4159507 4160779 4152016 4167400 4164159 4154165 4152407 4150939 4155308 4165309 4164432 4166025 4168457 4164614 4154735 4155508 4156667 4152652 4167384 4167089 4168043 4154064 4168479 4161316
40 96 6841806 6840871 6839181 6838107 6840726 6846181 6840049 6846520 6843879 6841787 6842903 6837132 6837134 6842019 6846266 6842920 6838958 6838658 6840935 6845002 6844645 6840293 6843508 6844631 6844722 6839694 6840158 6842826 6840337 6846798 6846311 6844650 6838404 6837339 6841136 6838752 6843869 6839273 6840067 6839291 6847092 6838679 6839699 6839873 6842566 6840584 6838095 6846973 6846806 6844423 6846786 6839148 6842626 6843788 6843002 6842047 6841642 6843618 6843464 6839178 6838698 6845153 6843231 6837732 6841745 6844069 6845318 6838739 6837615 6840806 6840021 6847042 6841523 6837122 6837396 6837673 6842835 6841796 6837411 6839512 6841312 6845389 6843087 6840427 6843862 6840065 6837391 6845256 6837645 6840946 6846914 6839946 6839438 6838445 6846237 6837337
60 10 5716906 5724378 5734308 5709513 5708856 5714493 5723286 5732615 5717953 5729482
80 87 6558609 6558543 6558836 6558237 6559125 6558574 6559238 6558513 6558041 6558887 6559184 6558082 6559144 6558622 6558734 6558022 6558946 6558691 6558932 6559029 6558197 6558602 6558569 6559166 6559200 6559269 6558035 6558801 6558095 6558166 6558506 6559077 6558831 6558291 6558748 6558307 6558718 6558786 6558524 6558625 6559148 6559098 6558156 6558486 6558690 6558553 6558614 6558737 6558070 6558984 6558119 6558902 6558758 6558925 6559066 6558102 6558839 6558625 6559141 6558798 6558612 6558384 6558093 6558770 6558042 6558946 6559251 6559105 6558409 6558377 6558957 6559066 6558682 6558596 6558746 6558619 6557972 6558773 6558863 6558539 6557960 6558960 6558719 6558984 6558316 6558952 6558847
100 64 5929667 5930794 5932412 5927126 5935042 5932005 5934487 5930875 5933469 5929648 5935556 5930394 5935184 5934341 5933152 5934698 5929275 5934514 5929551 5934268 5930581 5931534 5929551 5930843 5928296 5934006 5931620 5930205 5931374 5928390 5933180 5932290 5929021 5933724 5927595 5928703 5934494 5935254 5933012 5932879 5931738 5935033 5928851 5926685 5934526 5930459 5935051 5931421 5926919 5927189 5933007 5930193 5934388 5934579 5932433 5928619 5926636 5929288 5927084 5933415 5930003 5926581 5933127 5927170
120 57 2480594 2789526 2727211 2466947 2856102 2528588 2524880 2745492 2721408 2651122 2515634 2464892 2624211 2563377 2737823 2663534 2387131 2670237 2844660 2582649 2688268 2599594 2380150 2590410 2864760 2468303 2841633 2658891 2804246 2700123 2767362 2388046 2833421 2813174 2670040 2519588 2813872 2781483 2410261 2427629 2367446 2591633 2560214 2837136 2867286 2404994 2768870 2471187 2403470 2853499 2678589 2801930 2816619 2469346 2508576 2387502 2586697
140 47 2738724 2262740 2444973 2588933 2494999 2326323 2453914 2439831 2641356 2230003 2691684 2516048 2256110 2442097 2567224 2275009 2518259 2362312 2725691 2757549 2520539 2492732 2759097 2543713 2221973 2245459 2521133 2517435 2646652 2615214 2364595 2288315 2695579 2575061 2608017 2566730 2501159 2263912 2454642 2389908 2286328 2345929 2426362 2434611 2711752 2342778 2305948
160 14 356907 396705 383399 678415 617270 569750 670659 337379 362364 572136 322130 415752 550113 479641
180 58 4602346 4601983 4602151 4602308 4602172 4602179 4602079 4602291 4602316 4602037 4602286 4602325 4602100 4602202 4602127 4602075 4602290 4602047 4601996 4602229 4602229 4602246 4602024 4602237 4602105 4601951 4602054 4602102 4602005 4602260 4602100 4601911 4602112 4602143 4602311 4601994 4602041 4602130 4602278 4601993 4602347 4601996 4602057 4602117 4602216 4602229 4602338 4602046 4602179 4602149 4602062 4601931 4602332 4601984 4602098 4601969 4602046 4602210
200 35 3624080 3624654 3624652 3623784 3624363 3624270 3623854 3624499 3623860 3623727 3624701 3623961 3623816 3623763 3624221 3623875 3624396 3623746 3624657 3623942 3624152 3623869 3624634 3624394 3624670 3624408 3623831 3623931 3624278 3623693 3623924 3623716 3624174 3624179 3624665
220 48 4919142 4871263 4856035 4874772 4874696 4893956 4926683 4875843 4846853 4917729 4915752 4849120 4908946 4865215 4899186 4904144 4900875 4917657 4862711 4876171 4906543 4876183 4909692 4895629 4840577 4877080 4869831 4862416 4871548 4837339 4891514 4907118 4885519 4901636 4905480 4902579 4928089 4843247 4850447 4900052 4917581 4886441 4892046 4885119 4908886 4855149 4872181 4863144
240 99 5156858 5156983 5156752 5156756 5156877 5156893 5156609 5156860 5156826 5156544 5156751 5156529 5156467 5156675 5156799 5156494 5156720 5156520 5156500 5156733 5156807 5156738 5156657 5156744 5156626 5156801 5156629 5156485 5156856 5156786 5156947 5156649 5156519 5156754 5156640 5156982 5156488 5156728 5156928 5156555 5156765 5156786 5156573 5156978 5156731 5156573 5156969 5156817 5156804 5156858 5156952 5156785 5156715 5156474 5156796 5156547 5156962 5156548 5156761 5156925 5156916 5156876 5156671 5156540 5156533 5156829 5156595 5156483 5156920 5156539 5156943 5156780 5156867 5156628 5156700 5156711 5156929 5156739 5156776 5156507 5156571 5156615 5156892 5156709 5156458 5156659 5156946 5156583 5156927 5156567 5156596 5156463 5156793 5156751 5156943 5156473 5156770 5156953 5156946
260 98 3145095 3129617 3152308 3160297 3159491 3141713 3149753 3148377 3136487 3160427 3151397 3148808 3134750 3152544 3153717 3140389 3146626 3144738 3151071 3135384 3130946 3125918 3154807 3132873 3138589 3143883 3132834 3142395 3144236 3139441 3145137 3141933 3127487 3155746 3130891 3147685 3128507 3161053 3143818 3129137 3132632 3140525 3151425 3144700 3125430 3125525 3139458 3136480 3145175 3140887 3148507 3158113 3158546 3145001 3128561 3125405 3126520 3148090 3145605 3142609 3141808 3159725 3136763 3157269 3125610 3153330 3152351 3150565 3131001 3156165 3143265 3155164 3154315 3144435 3131966 3142128 3133395 3125836 3141636 3126985 3147134 3136928 3147724 3154081 3155410 3148940 3157225 3134537 3153832 3125389 3143195 3126154 3141007 3124867 3142212 3145110 3139580 3145882
280 21 2707767 2731815 2580373 2664626 2612541 2718866 2723315 2728268 2612916 2675783 2590654 2676822 2609309 2592581 2578145 2686062 2707063 2711379 2721593 2651879 2569027
300 62 956850 746209 799923 382202 1841591 1278522 1615630 1346954 400163 2007412 1641436 756106 1143937 2065922 600292 665848 1561969 1687966 944554 1593225 880805 502563 2122772 1474291 1261291 1784273 1392932 1435006 484519 566828 1429907 1444559 442393 1521150 380601 1499961 1904868 587173 1186329 867727 788230 1131548 383994 1047149 838898 674884 560117 1226998 590378 1035915 409632 1040656 1505358 1826521 1292109 966503 683815 502685 1556974 1787472 1036688 1191097
320 53 1332581 1332630 1332513 1332880 1332682 1332389 1332444 1332385 1332882 1332379 1332699 1332661 1332787 1332937 1332720 1332548 1332797 1332591 1332817 1332909 1332892 1332643 1332319 1332867 1332590 1332327 1332413 1332528 1332949 1332691 1332761 1332529 1332578 1332339 1332929 1332366 1332701 1332922 1332430 1332746 1332796 1332395 1332607 1332760 1332872 1332536 1332659 1332941 1332314 1332597 1332360 1332923 1332610
340 87 3068136 2722862 1704526 2553546 1738947 1563370 1837981 2610933 1778816 2378874 2177395 3205520 1764524 2192425 2472223 2275828 2538493 1878969 2852727 2416929 2359278 1754193 2443560 2031996 2829950 2469824 2341461 2168413 3098263 3211127 2975850 2041601 2175032 2524051 3162446 3135017 2454899 1952605 2595216 1631324 1793341 1715327 1944928 3019275 2923817 1587285 2775320 2359893 2664439 1773335 2997409 2775911 1706687 2676883 2628049 2727670 1812512 2028103 1933425 2778322 2541964 2699858 3089627 2927484 2420066 2623244 1946511 2184110 2246133 2582766 1963419 2240888 3118415 2065530 2040771 2303947 2995025 2236969 3011449 2319663 2697285 2319733 1506383 2364313 2617158 1830439 2361087
360 27 2616045 2615939 2615924 2615720 2616153 2615307 2616127 2616073 2615996 2615374 2615736 2615227 2615331 2615565 2615737 2616093 2615923 2615678 2615747 2615382 2616070 2615616 2615835 2615648 2615283 2615448 2616391
380 60 4157709 3999306 4155281 4071207 4006419 4200418 4163433 4064471 3990325 4044699 4128095 4007887 4139976 4196415 4075567 4061903 4130815 4196702 4083556 4054821 4144673 4117944 4006718 4152795 4041577 4042192 4147598 4072709 4112906 4006739 4062853 4026082 4091927 4028070 4159267 4076946 4174727 4127318 4162196 4110812 4051142 4191015 4025002 4125286 4148000 4186591 4049668 4150060 4093454 4011075 4102443 3993128 4039422 4190582 4061449 4176716 4052361 4083687 4140093 4128905
400 26 441088 441845 437951 426974 428330 428239 442824 431279 431279 435861 429676 431156 443765 443337 432727 438758 432802 432398 440254 427896 440900 433861 435242 431139 435457 439827
420 52 4094317 4094532 4094011 4094313 4094425 4094299 4094557 4094477 4094257 4094140 4094498 4094051 4094020 4094123 4094524 4094365 4094321 4094497 4094345 4094023 4094085 4094418 4094427 4094573 4094540 4094124 4094050 4094235 4094512 4094330 4094114 4094274 4094000 4094032 4094561 4094489 4094281 4094312 4094392 4094468 4094431 4093987 4094170 4094515 4094014 4094193 4094190 4094171 4094405 4094225 4094462 4094057
440 95 5985796 7297447 5474718 6817148 6238217 7556168 7320815 6016957 7458087 7227046 7427321 6306069 5640105 7011763 6881224 6427797 7626664 5804535 5435617 5800252 6038446 6694924 6432212 5524265 6983482 6611501 5619123 5870610 6372414 5679523 7567463 7500629 7302121 5414500 5774947 6883650 6571445 5518634 6137254 7405199 7559948 5297369 5183260 7325989 6074188 7497348 6695693 6203154 5560631 5662430 6508606 6208038 6422380 7363498 5742404 6591719 5845638 6914473 6398749 6787583 6658496 6789420 6494990 7314444 6898580 7206957 6310794 7382670 7225527 6833031 7683646 7428423 6942158 6656168 5248926 5722689 7568111 6736024 5450510 5363863 6002057 6271332 6905243 5230378 6758960 5477861 5835785 7652926 6551115 7003897 7708166 6367270 6880451 6734603 6521921
460 38 5917687 5942294 5903859 5920863 5915467 5912781 5915076 5915372 5908589 5924488 5920706 5902884 5921042 5927947 5936635 5915537 5933780 5911172 5905046 5915135 5940097 5907389 5938003 5914982 5943374 5924901 5908722 5931990 5925004 5910736 5901869 5921911 5916121 5907578 5936766 5936247 5931258 5917753
480 97 1596223 4174197 4640903 4965303 2154818 3969604 2642471 2747641 1180259 1691885 2791348 2692174 4966463 3801355 3792905 1582228 4397403 2790018 5016360 2384355 4342942 3118049 4713586 4433773 4732551 2442884 3830216 4965670 2133293 3511728 4254043 2304338 4182972 4390317 2117450 4675172 3864620 1075516 4180273 981838 1391912 2748086 2262208 2891977 2209771 3551615 3373084 1462175 2216936 970780 3252570 4196283 4308383 2117054 3565721 4213274 3415094 2568195 1253408 2855140 2720668 2721829 3636710 4313120 3384479 2922543 2785008 4020013 2886779 4609437 2254239 2514686 3286758 975268 2747629 2611254 1309770 4182862 4845278 4139843 1827022 1740543 3205086 2445190 4643427 4254174 3585109 3214821 4737893 3465270 3328102 4541583 2950473 2101677 3486202 2566335 1853814
500 51 937016 999777 1000970 929539 964731 990571 948014 972845 942985 990208 1000648 945097 946078 990982 973531 958239 981285 951697 934573 982605 933816 940237 977490 931636 966323 938101 1003419 970342 928374 964277 943434 981296 971798 997485 947665 993227 994294 948959 981517 989024 971315 966357 947820 965283 981082 944552 973914 965071 948735 1000039 963696
520 40 4283360 6295944 3321498 5865042 3351119 4276806 6389469 3932484 4394092 5010018 4711591 4474636 4705579 2602730 5976117 3012533 5473214 6396479 5605389 5351834 6383854 3320600 2569337 5065378 2628246 5523486 2749503 3239664 6202893 2508253 3290027 5989901 6328810 4307905 4979712 4868831 3054887 3225846 5245396 6191760
540 61 886273 776430 676085 888772 674750 1243896 939104 1306585 792761 1150688 932790 1106268 824597 1180631 674940 1342090 969515 1250824 1251683 948601 1265782 1214350 648939 1239432 679140 995189 959917 1216468 836400 1279146 953941 1304174 977930 1004702 898005 995590 801991 767931 1313556 1098984 1062742 1213561 1234562 970491 1001672 816760 868894 1005727 938216 948662 1094198 989882 944129 1265551 986677 688643 793546 927991 695027 1341976 1056549
560 79 1899931 1899997 1900348 1900412 1900280 1899740 1899691 1899913 1899656 1900066 1899749 1900014 1899797 1899861 1899860 1900319 1900196 1900074 1899546 1900401 1900229 1900259 1900120 1900191 1899725 1900171 1900002 1900283 1900197 1899677 1899625 1900095 1899643 1900006 1899541 1899776 1899965 1899925 1899599 1900182 1900009 1899864 1900324 1899868 1900122 1900446 1899995 1900412 1899885 1899552 1900038 1900463 1900359 1899882 1899965 1900189 1899634 1899725 1899724 1900299 1900090 1899960 1900177 1899636 1900120 1899996 1899937 1899745 1899971 1900148 1899589 1899732 1900284 1899561 1900061 1900344 1899734 1900081 1899928
580 15 6393764 6392859 6392065 6394327 6393279 6394069 6392949 6394771 6394066 6393043 6393652 6394068 6392664 6393145 6391407
600 6 6627773 6642867 6591748 6679321 6741279 6715227
620 12 6090205 6090030 6091121 6091233 6089957 6089930 6089598 6090683 6092012 6091179 6091532 6092155
640 14 4709313 4709576 4709624 4709485 4709676 4709464 4709555 4709357 4709608 4709638 4709345 4709650 4709669 4709506
660 41 1899510 1900793 1898373 1896255 1902387 1897353 1899248 1897876 1893891 1900783 1895974 1895708 1893684 1898016 1894961 1901851 1896332 1900919 1901174 1901685 1895724 1893956 1896017 1898872 1899037 1894903 1894029 1900692 1901740 1899538 1897099 1899137 1900620 1896643 1901930 1894275 1895442 1895559 1899105 1897943 1894151
680 76 6846344 6843748 6843910 6842251 6847269 6844194 6844099 6846616 6844642 6845490 6844338 6843654 6844318 6843821 6843618 6846797 6843271 6847024 6842443 6846339 6845168 6842389 6844121 6844009 6846472 6844274 6847084 6847246 6846068 6847614 6843064 6843088 6845991 6846864 6846397 6842261 6847093 6846176 6845598 6846977 6847182 6842838 6846310 6843972 6844806 6845060 6843822 6843281 6847195 6843570 6847218 6845932 6842004 6847507 6842006 6843198 6844468 6842176 6845030 6845365 6843920 6842005 6846835 6845508 6847503 6843741 6844239 6843835 6846276 6842702 6847565 6844535 6842353 6844937 6846838 6843484
700 65 6784799 6785146 6784802 6785103 6784939 6784980 6785136 6784895 6784816 6784982 6784943 6784915 6784810 6784806 6784892 6784980 6784869 6784816 6785122 6785155 6785117 6785019 6784882 6784836 6784804 6784876 6784786 6784932 6785133 6784961 6785097 6784808 6784777 6784896 6784866 6785141 6785158 6785147 6784774 6784869 6785048 6785076 6784902 6785139 6784892 6784909 6784854 6785101 6785090 6784831 6784995 6785132 6785040 6785102 6785095 6784889 6784928 6785138 6785083 6784807 6785057 6785040 6784966 6784991 6784974
720 59 7162135 7157838 7177359 7184205 7155176 7182427 7142684 7148495 7153694 7172733 7143374 7158760 7165617 7159006 7157758 7150399 7189733 7144672 7154762 7159681 7176050 7178034 7140951 7198594 7166165 7155581 7161124 7161631 7181320 7196214 7192733 7191895 7189317 7189405 7142253 7186255 7172223 7192789 7188989 7145575 7167306 7180202 7170243 7158494 7167725 7140703 7198152 7178364 7168594 7157695 7176161 7138460 7196866 7183969 7189343 7172330 7152613 7183442 7155852
740 81 6882580 6823531 6854397 6818871 6890478 6820676 6889536 6896988 6913419 6841327 6895208 6903727 6839463 6882350 6818467 6849211 6868584 6852177 6862700 6888815 6825974 6884980 6850496 6855271 6852553 6896287 6827111 6863055 6899783 6870377 6863983 6852210 6839142 6822092 6901734 6908521 6886740 6843278 6831591 6910589 6825952 6871448 6840314 6890348 6825673 6871817 6876209 6872809 6838834 6886321 6820410 6879588 6880515 6875127 6849814 6832803 6886062 6908856 6882727 6910525 6891420 6832390 6911769 6880813 6887363 6828224 6830114 6903612 6907307 6883307 6866759 6866641 6890987 6872659 6862849 6885332 6854146 6855632 6887863 6842910 6878106
760 11 7915827 7916206 7915547 7915949 7915754 7915869 7915298 7915142 7915746 7915186 7915584
780 66 4914610 4913403 4914588 4915246 4915113 4915517 4913622 4914672 4913628 4914020 4916489 4914808 4912974 4913958 4912732 4912887 4915706 4914219 4912490 4913968 4914681 4913443 4913233 4916193 4916058 4915062 4915756 4915676 4914203 4913024 4913530 4914122 4913675 4913394 4916381 4914275 4916511 4915495 4913655 4915720 4914450 4916124 4913516 4912360 4913528 4916280 4912396 4916094 4915849 4914318 4914297 4915999 4914956 4913136 4916120 4912482 4912574 4915070 4915334 4912837 4915686 4914417 4912616 4914938 4916053 4914004
800 8 3915789 3914108 3915254 3913015 3916609 3915044 3915631 3913339
