# Disk block request file.
# Structure is this:
#
# <time> <number of blocks> [block1] [block2] ... [block n]


30 5 0 1 1025 2048 2049
40 8 2457600 2457601 2457602 2457603 2434000 2434001 2433090 2433040
50 10 1048500 1048510 1048520 1048521 1048525 1048522 1048515 1048530 1048550 1048560
50 10 1048540 1048545 1048546 1048547 1048548 1048500 1048501 1048502 1048503 1048504
50 9 2457200 2457201 2457202 2457400 2434401 2434402 2433600 2433601 2433602
100 5 4120 4119 4118 4117 4116
110 5 8192 8191 8193 8190 8194
120 5 4096 4097 4098 4099 1
160 10 2600100 2600101 2600102 2600103 2600104 2600105 2600106 2600107 2600108 2600109
160 10 2200250 2200249 2200248 2200247 2200246 2200245 2200244 2200243 2200242 2200241
240 5 10210000 10219500 10219000 10218500 10218000
240 10 2210000 2219500 2219000 2218500 2218000 2217500 2217000 2216500 2216000 2215500
300 5 8230000 8229500 8229000 8228500 8228000


